0 0 10458 24149 28173 33544 37859 43504 47806 51641 53897 54962 57938 60096 63114 66627 70602 75603 80118 82219 39400 0 0 0 0 0 0 0 0 0 0 0 0 0 0 0 0 0 0 0 0 0 0 0 0 0 0 0 0 0 0 0 0 0 0 0 0 0 0 0 0 0 0 0 0 0 0 0 0 0 0 0 0 0 0 0 0 0 0 0 0 0 0 0 0 0 0 0 0 0 0 0 0 0 0 0 0 0 0 0 0 0 0 0 0 0 0 0 0 0 0 0 0 0 0 0 0 0 0 0 
0 0 7622 17219 20631 24260 28127 31597 35903 38726 40674 42751 44415 45898 47625 50699 53365 56170 60014 63890 66370 32066 0 0 0 0 0 0 0 0 0 0 0 0 0 0 0 0 0 0 0 0 0 0 0 0 0 0 0 0 0 0 0 0 0 0 0 0 0 0 0 0 0 0 0 0 0 0 0 0 0 0 0 0 0 0 0 0 0 0 0 0 0 0 0 0 0 0 0 0 0 0 0 0 0 0 0 0 0 0 0 0 0 0 0 0 0 0 0 0 0 0 0 0 0 0 0 0 0 0 
0 0 5655 12900 14833 17380 20153 23418 26513 29350 31228 32924 34451 35109 37015 38375 40151 41939 45664 48390 52042 53647 26021 0 0 0 0 0 0 0 0 0 0 0 0 0 0 0 0 0 0 0 0 0 0 0 0 0 0 0 0 0 0 0 0 0 0 0 0 0 0 0 0 0 0 0 0 0 0 0 0 0 0 0 0 0 0 0 0 0 0 0 0 0 0 0 0 0 0 0 0 0 0 0 0 0 0 0 0 0 0 0 0 0 0 0 0 0 0 0 0 0 0 0 0 0 0 0 0 0 
0 0 4015 9459 11236 13000 15426 17339 19684 22103 23797 25460 26641 27724 28355 29975 30948 32305 34702 36229 39476 42258 43311 20976 0 0 0 0 0 0 0 0 0 0 0 0 0 0 0 0 0 0 0 0 0 0 0 0 0 0 0 0 0 0 0 0 0 0 0 0 0 0 0 0 0 0 0 0 0 0 0 0 0 0 0 0 0 0 0 0 0 0 0 0 0 0 0 0 0 0 0 0 0 0 0 0 0 0 0 0 0 0 0 0 0 0 0 0 0 0 0 0 0 0 0 0 0 0 0 0 
0 0 3142 7051 8104 9559 10884 12925 14540 16707 18326 20018 20488 21634 22694 23025 24054 25194 26483 27767 30120 32241 34235 35945 17317 0 0 0 0 0 0 0 0 0 0 0 0 0 0 0 0 0 0 0 0 0 0 0 0 0 0 0 0 0 0 0 0 0 0 0 0 0 0 0 0 0 0 0 0 0 0 0 0 0 0 0 0 0 0 0 0 0 0 0 0 0 0 0 0 0 0 0 0 0 0 0 0 0 0 0 0 0 0 0 0 0 0 0 0 0 0 0 0 0 0 0 0 0 0 0 
0 0 2402 5173 6253 7199 8144 9471 11100 12530 14139 15435 16249 16924 17504 18298 18512 19331 20191 21548 23305 24444 26336 28312 29328 14216 0 0 0 0 0 0 0 0 0 0 0 0 0 0 0 0 0 0 0 0 0 0 0 0 0 0 0 0 0 0 0 0 0 0 0 0 0 0 0 0 0 0 0 0 0 0 0 0 0 0 0 0 0 0 0 0 0 0 0 0 0 0 0 0 0 0 0 0 0 0 0 0 0 0 0 0 0 0 0 0 0 0 0 0 0 0 0 0 0 0 0 0 0 0 
0 0 1750 3886 4631 5334 6179 7408 8570 9591 10800 11916 12544 13332 13726 14314 14786 15278 16239 16560 17707 19117 20093 21823 23469 24493 11751 0 0 0 0 0 0 0 0 0 0 0 0 0 0 0 0 0 0 0 0 0 0 0 0 0 0 0 0 0 0 0 0 0 0 0 0 0 0 0 0 0 0 0 0 0 0 0 0 0 0 0 0 0 0 0 0 0 0 0 0 0 0 0 0 0 0 0 0 0 0 0 0 0 0 0 0 0 0 0 0 0 0 0 0 0 0 0 0 0 0 0 0 0 
0 0 1429 3077 3422 4114 4580 5581 6440 7111 8223 9345 9872 10808 11078 11414 11772 12545 12822 12876 14101 14640 15810 16715 18277 19380 20364 9806 0 0 0 0 0 0 0 0 0 0 0 0 0 0 0 0 0 0 0 0 0 0 0 0 0 0 0 0 0 0 0 0 0 0 0 0 0 0 0 0 0 0 0 0 0 0 0 0 0 0 0 0 0 0 0 0 0 0 0 0 0 0 0 0 0 0 0 0 0 0 0 0 0 0 0 0 0 0 0 0 0 0 0 0 0 0 0 0 0 0 0 0 
0 0 1003 2116 2515 3007 3679 4138 4875 5494 6457 7178 7929 8345 8941 9302 9502 9806 10118 10658 10951 11554 12182 13246 13833 15202 16449 16929 8084 0 0 0 0 0 0 0 0 0 0 0 0 0 0 0 0 0 0 0 0 0 0 0 0 0 0 0 0 0 0 0 0 0 0 0 0 0 0 0 0 0 0 0 0 0 0 0 0 0 0 0 0 0 0 0 0 0 0 0 0 0 0 0 0 0 0 0 0 0 0 0 0 0 0 0 0 0 0 0 0 0 0 0 0 0 0 0 0 0 0 0 
0 0 797 1696 2001 2307 2627 3150 3625 4230 4840 5616 6188 6681 7045 7289 7524 8015 7968 8356 8846 9225 9821 10508 11037 11780 12746 13731 14115 6913 0 0 0 0 0 0 0 0 0 0 0 0 0 0 0 0 0 0 0 0 0 0 0 0 0 0 0 0 0 0 0 0 0 0 0 0 0 0 0 0 0 0 0 0 0 0 0 0 0 0 0 0 0 0 0 0 0 0 0 0 0 0 0 0 0 0 0 0 0 0 0 0 0 0 0 0 0 0 0 0 0 0 0 0 0 0 0 0 0 0 
0 0 608 1385 1480 1721 2043 2347 2780 3332 3826 4321 4896 5146 5469 6015 6304 6328 6630 7036 7219 7287 7820 8015 8328 9143 9857 10731 11439 12054 5960 0 0 0 0 0 0 0 0 0 0 0 0 0 0 0 0 0 0 0 0 0 0 0 0 0 0 0 0 0 0 0 0 0 0 0 0 0 0 0 0 0 0 0 0 0 0 0 0 0 0 0 0 0 0 0 0 0 0 0 0 0 0 0 0 0 0 0 0 0 0 0 0 0 0 0 0 0 0 0 0 0 0 0 0 0 0 0 0 0 
0 0 524 1031 1189 1333 1534 1849 2098 2650 3004 3353 3708 4276 4538 4746 5200 5197 5488 5524 5592 5992 6133 6489 7029 7206 7805 8588 8943 9700 10379 4895 0 0 0 0 0 0 0 0 0 0 0 0 0 0 0 0 0 0 0 0 0 0 0 0 0 0 0 0 0 0 0 0 0 0 0 0 0 0 0 0 0 0 0 0 0 0 0 0 0 0 0 0 0 0 0 0 0 0 0 0 0 0 0 0 0 0 0 0 0 0 0 0 0 0 0 0 0 0 0 0 0 0 0 0 0 0 0 0 
0 0 345 780 951 1053 1234 1439 1657 1982 2225 2530 2940 3330 3623 4033 4077 4299 4501 4441 4641 4787 5137 5324 5408 5918 6254 6800 7015 7880 8361 8577 4019 0 0 0 0 0 0 0 0 0 0 0 0 0 0 0 0 0 0 0 0 0 0 0 0 0 0 0 0 0 0 0 0 0 0 0 0 0 0 0 0 0 0 0 0 0 0 0 0 0 0 0 0 0 0 0 0 0 0 0 0 0 0 0 0 0 0 0 0 0 0 0 0 0 0 0 0 0 0 0 0 0 0 0 0 0 0 0 
0 0 297 667 764 826 936 1146 1183 1488 1800 2038 2349 2638 2865 3108 3291 3548 3612 3618 3795 4012 4134 4311 4378 4646 4891 5162 5659 6039 6650 6979 7301 3603 0 0 0 0 0 0 0 0 0 0 0 0 0 0 0 0 0 0 0 0 0 0 0 0 0 0 0 0 0 0 0 0 0 0 0 0 0 0 0 0 0 0 0 0 0 0 0 0 0 0 0 0 0 0 0 0 0 0 0 0 0 0 0 0 0 0 0 0 0 0 0 0 0 0 0 0 0 0 0 0 0 0 0 0 0 0 
0 0 273 541 553 663 710 858 996 1261 1404 1579 1728 1983 2198 2494 2850 2764 2905 3116 3215 3412 3442 3549 3594 3803 4102 4283 4538 4832 5219 5847 5899 6442 2944 0 0 0 0 0 0 0 0 0 0 0 0 0 0 0 0 0 0 0 0 0 0 0 0 0 0 0 0 0 0 0 0 0 0 0 0 0 0 0 0 0 0 0 0 0 0 0 0 0 0 0 0 0 0 0 0 0 0 0 0 0 0 0 0 0 0 0 0 0 0 0 0 0 0 0 0 0 0 0 0 0 0 0 0 0 
0 0 176 373 438 458 578 646 797 892 1125 1142 1408 1599 1844 2028 2102 2236 2436 2615 2746 2729 2754 2831 3069 3024 3271 3401 3493 3910 4106 4351 4811 5158 5485 2808 0 0 0 0 0 0 0 0 0 0 0 0 0 0 0 0 0 0 0 0 0 0 0 0 0 0 0 0 0 0 0 0 0 0 0 0 0 0 0 0 0 0 0 0 0 0 0 0 0 0 0 0 0 0 0 0 0 0 0 0 0 0 0 0 0 0 0 0 0 0 0 0 0 0 0 0 0 0 0 0 0 0 0 0 
0 0 137 390 337 438 472 519 592 723 837 1037 1099 1374 1448 1622 1799 1955 2112 2184 2097 2212 2292 2322 2478 2671 2647 2823 2920 3061 3229 3549 3831 4086 4541 4728 2232 0 0 0 0 0 0 0 0 0 0 0 0 0 0 0 0 0 0 0 0 0 0 0 0 0 0 0 0 0 0 0 0 0 0 0 0 0 0 0 0 0 0 0 0 0 0 0 0 0 0 0 0 0 0 0 0 0 0 0 0 0 0 0 0 0 0 0 0 0 0 0 0 0 0 0 0 0 0 0 0 0 0 0 
0 0 98 181 255 352 363 419 504 636 707 823 833 1051 1130 1320 1406 1612 1642 1724 1839 1918 1970 2041 2164 2087 2309 2293 2362 2512 2692 2866 3175 3349 3630 3878 4038 1964 0 0 0 0 0 0 0 0 0 0 0 0 0 0 0 0 0 0 0 0 0 0 0 0 0 0 0 0 0 0 0 0 0 0 0 0 0 0 0 0 0 0 0 0 0 0 0 0 0 0 0 0 0 0 0 0 0 0 0 0 0 0 0 0 0 0 0 0 0 0 0 0 0 0 0 0 0 0 0 0 0 0 
0 0 109 172 241 245 276 347 407 477 499 653 676 858 882 1053 1137 1350 1383 1460 1530 1557 1602 1617 1700 1739 1892 1907 2039 2053 2090 2353 2308 2701 2810 3235 3396 3496 1822 0 0 0 0 0 0 0 0 0 0 0 0 0 0 0 0 0 0 0 0 0 0 0 0 0 0 0 0 0 0 0 0 0 0 0 0 0 0 0 0 0 0 0 0 0 0 0 0 0 0 0 0 0 0 0 0 0 0 0 0 0 0 0 0 0 0 0 0 0 0 0 0 0 0 0 0 0 0 0 0 0 
0 0 94 143 167 174 172 258 312 289 411 510 571 691 694 857 965 977 1179 1147 1302 1243 1363 1449 1445 1438 1535 1631 1561 1691 1753 1887 2145 2201 2293 2500 2775 2856 3115 1576 0 0 0 0 0 0 0 0 0 0 0 0 0 0 0 0 0 0 0 0 0 0 0 0 0 0 0 0 0 0 0 0 0 0 0 0 0 0 0 0 0 0 0 0 0 0 0 0 0 0 0 0 0 0 0 0 0 0 0 0 0 0 0 0 0 0 0 0 0 0 0 0 0 0 0 0 0 0 0 0 
0 0 49 134 153 164 193 177 228 292 353 405 435 573 577 637 724 800 896 952 1101 1120 1281 1173 1188 1263 1237 1343 1398 1354 1498 1599 1579 1817 1817 1959 2018 2247 2542 2803 1228 0 0 0 0 0 0 0 0 0 0 0 0 0 0 0 0 0 0 0 0 0 0 0 0 0 0 0 0 0 0 0 0 0 0 0 0 0 0 0 0 0 0 0 0 0 0 0 0 0 0 0 0 0 0 0 0 0 0 0 0 0 0 0 0 0 0 0 0 0 0 0 0 0 0 0 0 0 0 0 
0 0 59 115 112 105 174 159 173 240 254 357 362 438 422 490 610 679 767 801 912 900 964 966 1069 1011 1112 1122 1240 1170 1198 1345 1369 1462 1551 1596 1724 1925 2060 2231 2281 1134 0 0 0 0 0 0 0 0 0 0 0 0 0 0 0 0 0 0 0 0 0 0 0 0 0 0 0 0 0 0 0 0 0 0 0 0 0 0 0 0 0 0 0 0 0 0 0 0 0 0 0 0 0 0 0 0 0 0 0 0 0 0 0 0 0 0 0 0 0 0 0 0 0 0 0 0 0 0 
0 0 32 93 86 107 104 131 132 182 231 219 282 350 380 418 516 554 550 696 755 796 833 861 882 951 939 960 950 937 1006 1042 1167 1220 1265 1411 1410 1470 1689 1808 1839 2114 1029 0 0 0 0 0 0 0 0 0 0 0 0 0 0 0 0 0 0 0 0 0 0 0 0 0 0 0 0 0 0 0 0 0 0 0 0 0 0 0 0 0 0 0 0 0 0 0 0 0 0 0 0 0 0 0 0 0 0 0 0 0 0 0 0 0 0 0 0 0 0 0 0 0 0 0 0 0 
0 0 44 57 71 82 99 109 131 115 188 193 202 257 300 342 419 410 514 585 623 659 698 716 759 763 820 776 803 803 893 936 861 1015 1021 1054 1121 1257 1360 1466 1603 1782 1826 932 0 0 0 0 0 0 0 0 0 0 0 0 0 0 0 0 0 0 0 0 0 0 0 0 0 0 0 0 0 0 0 0 0 0 0 0 0 0 0 0 0 0 0 0 0 0 0 0 0 0 0 0 0 0 0 0 0 0 0 0 0 0 0 0 0 0 0 0 0 0 0 0 0 0 0 0 
0 0 31 55 53 97 79 80 113 129 175 148 185 252 254 307 330 352 421 472 497 532 521 639 682 622 703 661 711 760 786 777 748 843 877 844 918 1050 1135 1105 1326 1341 1478 1562 796 0 0 0 0 0 0 0 0 0 0 0 0 0 0 0 0 0 0 0 0 0 0 0 0 0 0 0 0 0 0 0 0 0 0 0 0 0 0 0 0 0 0 0 0 0 0 0 0 0 0 0 0 0 0 0 0 0 0 0 0 0 0 0 0 0 0 0 0 0 0 0 0 0 0 0 
0 0 31 74 47 61 56 71 84 110 92 141 152 150 192 201 276 315 316 402 454 438 456 485 523 567 572 583 543 567 639 681 669 675 651 768 801 843 885 1012 1049 1091 1225 1287 1416 652 0 0 0 0 0 0 0 0 0 0 0 0 0 0 0 0 0 0 0 0 0 0 0 0 0 0 0 0 0 0 0 0 0 0 0 0 0 0 0 0 0 0 0 0 0 0 0 0 0 0 0 0 0 0 0 0 0 0 0 0 0 0 0 0 0 0 0 0 0 0 0 0 0 0 
0 0 17 56 26 43 51 52 56 71 99 110 115 155 161 214 256 254 266 323 362 391 418 393 495 480 451 510 520 521 516 535 585 635 598 654 593 745 765 818 898 954 940 1124 1088 1229 661 0 0 0 0 0 0 0 0 0 0 0 0 0 0 0 0 0 0 0 0 0 0 0 0 0 0 0 0 0 0 0 0 0 0 0 0 0 0 0 0 0 0 0 0 0 0 0 0 0 0 0 0 0 0 0 0 0 0 0 0 0 0 0 0 0 0 0 0 0 0 0 0 0 
0 0 15 35 42 32 45 48 64 63 81 100 114 104 133 143 206 191 217 290 278 333 318 367 414 407 422 447 433 471 426 501 465 488 513 554 561 592 606 667 711 704 819 850 981 1073 1084 535 0 0 0 0 0 0 0 0 0 0 0 0 0 0 0 0 0 0 0 0 0 0 0 0 0 0 0 0 0 0 0 0 0 0 0 0 0 0 0 0 0 0 0 0 0 0 0 0 0 0 0 0 0 0 0 0 0 0 0 0 0 0 0 0 0 0 0 0 0 0 0 0 
0 0 25 34 18 26 29 47 56 34 45 65 63 97 102 103 161 151 206 221 230 231 268 374 315 344 394 362 401 368 366 445 384 421 466 447 435 498 511 551 539 662 629 672 715 839 897 967 510 0 0 0 0 0 0 0 0 0 0 0 0 0 0 0 0 0 0 0 0 0 0 0 0 0 0 0 0 0 0 0 0 0 0 0 0 0 0 0 0 0 0 0 0 0 0 0 0 0 0 0 0 0 0 0 0 0 0 0 0 0 0 0 0 0 0 0 0 0 0 0 
0 0 10 25 35 22 36 26 41 38 54 66 75 74 104 103 107 138 159 184 149 179 252 285 280 244 282 334 358 357 376 335 358 355 364 405 418 381 399 492 490 530 603 586 609 618 756 860 905 456 0 0 0 0 0 0 0 0 0 0 0 0 0 0 0 0 0 0 0 0 0 0 0 0 0 0 0 0 0 0 0 0 0 0 0 0 0 0 0 0 0 0 0 0 0 0 0 0 0 0 0 0 0 0 0 0 0 0 0 0 0 0 0 0 0 0 0 0 0 0 
0 0 9 10 12 14 25 33 24 47 31 44 45 72 72 94 95 124 143 154 137 187 209 187 250 244 281 285 271 279 295 333 341 306 311 354 343 365 360 467 398 441 440 475 471 570 534 641 737 759 419 0 0 0 0 0 0 0 0 0 0 0 0 0 0 0 0 0 0 0 0 0 0 0 0 0 0 0 0 0 0 0 0 0 0 0 0 0 0 0 0 0 0 0 0 0 0 0 0 0 0 0 0 0 0 0 0 0 0 0 0 0 0 0 0 0 0 0 0 0 
0 0 6 16 21 24 29 21 12 35 27 18 38 37 71 69 67 116 89 97 152 152 177 186 174 219 255 239 250 237 288 262 280 311 277 306 285 367 335 358 378 351 397 418 441 484 458 547 594 649 717 378 0 0 0 0 0 0 0 0 0 0 0 0 0 0 0 0 0 0 0 0 0 0 0 0 0 0 0 0 0 0 0 0 0 0 0 0 0 0 0 0 0 0 0 0 0 0 0 0 0 0 0 0 0 0 0 0 0 0 0 0 0 0 0 0 0 0 0 0 
0 0 4 12 16 16 10 11 23 17 23 26 43 33 59 52 75 80 103 109 113 112 135 165 161 185 212 216 206 234 243 216 242 238 286 256 269 276 240 342 284 321 307 339 368 421 409 435 519 544 604 636 306 0 0 0 0 0 0 0 0 0 0 0 0 0 0 0 0 0 0 0 0 0 0 0 0 0 0 0 0 0 0 0 0 0 0 0 0 0 0 0 0 0 0 0 0 0 0 0 0 0 0 0 0 0 0 0 0 0 0 0 0 0 0 0 0 0 0 0 
0 0 8 21 11 8 7 22 12 19 15 23 22 31 52 33 45 54 58 78 87 101 113 133 136 149 145 183 164 193 174 170 222 212 205 199 222 235 268 235 256 263 268 289 299 326 381 375 414 435 489 454 575 258 0 0 0 0 0 0 0 0 0 0 0 0 0 0 0 0 0 0 0 0 0 0 0 0 0 0 0 0 0 0 0 0 0 0 0 0 0 0 0 0 0 0 0 0 0 0 0 0 0 0 0 0 0 0 0 0 0 0 0 0 0 0 0 0 0 0 
0 0 0 18 13 8 11 19 17 16 14 12 22 21 22 34 54 55 34 75 73 63 113 122 133 132 147 154 177 154 165 161 158 152 195 187 200 190 193 211 222 253 227 238 278 286 257 319 313 325 431 425 461 531 248 0 0 0 0 0 0 0 0 0 0 0 0 0 0 0 0 0 0 0 0 0 0 0 0 0 0 0 0 0 0 0 0 0 0 0 0 0 0 0 0 0 0 0 0 0 0 0 0 0 0 0 0 0 0 0 0 0 0 0 0 0 0 0 0 0 
0 0 4 8 5 10 13 16 12 12 11 15 13 20 27 42 29 34 39 59 52 84 71 86 97 105 86 116 135 145 137 178 150 169 155 148 153 147 194 191 208 200 216 206 230 216 271 234 249 299 315 372 380 402 446 206 0 0 0 0 0 0 0 0 0 0 0 0 0 0 0 0 0 0 0 0 0 0 0 0 0 0 0 0 0 0 0 0 0 0 0 0 0 0 0 0 0 0 0 0 0 0 0 0 0 0 0 0 0 0 0 0 0 0 0 0 0 0 0 0 
0 0 3 7 5 18 5 8 11 6 6 9 22 24 22 27 25 29 44 45 45 62 49 47 90 93 100 112 99 133 121 130 147 135 124 145 148 131 136 138 170 163 173 170 165 195 230 226 200 239 285 280 324 338 381 387 211 0 0 0 0 0 0 0 0 0 0 0 0 0 0 0 0 0 0 0 0 0 0 0 0 0 0 0 0 0 0 0 0 0 0 0 0 0 0 0 0 0 0 0 0 0 0 0 0 0 0 0 0 0 0 0 0 0 0 0 0 0 0 0 
0 0 2 8 7 8 3 7 9 7 10 11 14 14 16 18 31 33 33 34 39 63 57 64 78 71 67 103 113 112 95 113 93 152 118 150 154 151 128 138 132 126 149 161 159 176 196 216 193 191 187 221 249 286 314 343 339 172 0 0 0 0 0 0 0 0 0 0 0 0 0 0 0 0 0 0 0 0 0 0 0 0 0 0 0 0 0 0 0 0 0 0 0 0 0 0 0 0 0 0 0 0 0 0 0 0 0 0 0 0 0 0 0 0 0 0 0 0 0 0 
0 0 3 2 4 9 12 6 7 6 5 8 12 12 15 12 12 27 24 30 36 29 45 64 74 57 86 65 72 82 105 96 119 89 85 124 110 140 115 89 99 127 135 132 132 116 131 157 168 175 227 188 218 243 247 265 289 310 172 0 0 0 0 0 0 0 0 0 0 0 0 0 0 0 0 0 0 0 0 0 0 0 0 0 0 0 0 0 0 0 0 0 0 0 0 0 0 0 0 0 0 0 0 0 0 0 0 0 0 0 0 0 0 0 0 0 0 0 0 0 
0 0 4 5 2 7 3 7 3 6 9 6 4 11 15 10 17 14 35 33 34 50 36 41 51 57 76 68 72 105 86 89 87 103 89 96 98 101 104 114 99 104 119 129 102 111 116 134 146 158 186 156 178 214 229 219 247 297 317 180 0 0 0 0 0 0 0 0 0 0 0 0 0 0 0 0 0 0 0 0 0 0 0 0 0 0 0 0 0 0 0 0 0 0 0 0 0 0 0 0 0 0 0 0 0 0 0 0 0 0 0 0 0 0 0 0 0 0 0 0 
0 0 3 6 1 1 6 6 2 8 4 10 4 15 12 8 21 17 20 23 25 38 42 33 32 34 43 46 83 70 75 76 92 92 87 83 83 89 123 80 100 115 105 101 112 109 118 100 102 146 139 148 181 153 155 186 198 225 267 261 178 0 0 0 0 0 0 0 0 0 0 0 0 0 0 0 0 0 0 0 0 0 0 0 0 0 0 0 0 0 0 0 0 0 0 0 0 0 0 0 0 0 0 0 0 0 0 0 0 0 0 0 0 0 0 0 0 0 0 0 
0 0 1 1 2 1 0 3 0 5 3 5 12 7 10 10 9 15 18 16 30 31 31 35 38 35 29 44 63 63 45 77 74 70 71 81 62 68 82 75 68 80 108 80 95 67 101 96 100 94 105 136 157 134 154 144 171 176 189 232 230 139 0 0 0 0 0 0 0 0 0 0 0 0 0 0 0 0 0 0 0 0 0 0 0 0 0 0 0 0 0 0 0 0 0 0 0 0 0 0 0 0 0 0 0 0 0 0 0 0 0 0 0 0 0 0 0 0 0 0 
0 0 1 2 3 8 1 0 4 2 3 12 6 12 7 7 6 4 9 10 20 28 20 26 26 30 41 25 53 51 67 63 54 56 63 77 51 72 70 69 88 79 62 84 74 83 87 78 91 103 88 96 117 144 141 138 135 168 173 173 216 229 108 0 0 0 0 0 0 0 0 0 0 0 0 0 0 0 0 0 0 0 0 0 0 0 0 0 0 0 0 0 0 0 0 0 0 0 0 0 0 0 0 0 0 0 0 0 0 0 0 0 0 0 0 0 0 0 0 0 
0 0 0 2 1 4 1 1 0 2 7 2 3 2 7 4 6 8 11 16 14 23 20 29 17 34 19 43 47 43 29 57 49 62 54 64 63 57 54 61 62 60 93 84 79 72 78 85 66 84 71 84 99 95 94 132 130 152 127 167 160 169 204 73 0 0 0 0 0 0 0 0 0 0 0 0 0 0 0 0 0 0 0 0 0 0 0 0 0 0 0 0 0 0 0 0 0 0 0 0 0 0 0 0 0 0 0 0 0 0 0 0 0 0 0 0 0 0 0 0 
0 0 0 2 2 5 1 8 1 2 5 5 0 6 11 10 5 7 6 5 10 12 20 26 15 34 21 18 33 39 49 33 54 44 75 52 55 43 65 50 54 68 63 76 85 54 53 55 63 61 58 60 76 76 79 100 103 118 124 129 132 168 169 147 78 0 0 0 0 0 0 0 0 0 0 0 0 0 0 0 0 0 0 0 0 0 0 0 0 0 0 0 0 0 0 0 0 0 0 0 0 0 0 0 0 0 0 0 0 0 0 0 0 0 0 0 0 0 0 0 
0 0 0 0 5 0 1 0 2 2 2 3 2 4 2 3 3 5 9 11 11 11 12 10 16 11 16 22 25 32 25 36 33 25 54 45 46 38 43 56 54 55 54 43 36 52 55 48 58 50 71 70 64 88 83 66 88 90 90 100 136 117 143 191 189 80 0 0 0 0 0 0 0 0 0 0 0 0 0 0 0 0 0 0 0 0 0 0 0 0 0 0 0 0 0 0 0 0 0 0 0 0 0 0 0 0 0 0 0 0 0 0 0 0 0 0 0 0 0 0 
0 0 1 4 2 1 3 1 1 0 2 3 1 5 5 1 6 5 8 9 4 17 17 7 10 13 19 15 29 25 29 21 30 40 23 43 32 39 38 40 57 59 52 47 50 40 45 46 55 36 33 73 74 63 76 87 69 94 82 70 86 118 120 120 132 151 79 0 0 0 0 0 0 0 0 0 0 0 0 0 0 0 0 0 0 0 0 0 0 0 0 0 0 0 0 0 0 0 0 0 0 0 0 0 0 0 0 0 0 0 0 0 0 0 0 0 0 0 0 0 
0 0 3 0 0 0 1 0 0 1 2 4 1 0 3 4 9 5 7 8 8 12 4 16 19 18 13 20 21 16 21 27 31 30 50 38 42 46 44 49 41 35 25 48 41 43 46 56 41 62 52 63 50 56 54 52 54 82 91 86 99 83 89 104 153 154 133 64 0 0 0 0 0 0 0 0 0 0 0 0 0 0 0 0 0 0 0 0 0 0 0 0 0 0 0 0 0 0 0 0 0 0 0 0 0 0 0 0 0 0 0 0 0 0 0 0 0 0 0 0 
0 0 1 2 0 0 3 0 1 0 5 1 0 2 0 1 2 2 2 4 5 2 13 15 11 15 8 17 28 31 28 15 33 24 42 27 40 35 27 36 37 32 40 37 27 32 38 36 43 33 49 38 52 40 38 56 54 52 75 54 69 55 89 100 111 109 118 143 51 0 0 0 0 0 0 0 0 0 0 0 0 0 0 0 0 0 0 0 0 0 0 0 0 0 0 0 0 0 0 0 0 0 0 0 0 0 0 0 0 0 0 0 0 0 0 0 0 0 0 0 
0 0 0 1 0 2 0 0 0 0 1 1 1 5 2 1 1 1 2 12 5 14 7 4 11 19 16 7 20 21 25 14 20 11 20 23 22 38 27 27 33 44 37 29 34 38 35 35 40 38 34 34 47 34 37 38 27 60 47 37 52 77 70 65 92 98 82 83 119 61 0 0 0 0 0 0 0 0 0 0 0 0 0 0 0 0 0 0 0 0 0 0 0 0 0 0 0 0 0 0 0 0 0 0 0 0 0 0 0 0 0 0 0 0 0 0 0 0 0 0 
0 0 2 0 0 0 5 1 1 1 1 3 0 1 2 1 2 2 3 7 3 3 6 3 12 5 13 13 5 20 13 14 21 33 26 10 36 13 23 27 16 23 22 23 37 31 35 40 41 40 21 36 38 51 30 49 46 38 39 37 50 58 68 60 64 80 67 79 67 92 33 0 0 0 0 0 0 0 0 0 0 0 0 0 0 0 0 0 0 0 0 0 0 0 0 0 0 0 0 0 0 0 0 0 0 0 0 0 0 0 0 0 0 0 0 0 0 0 0 0 
0 0 1 3 0 2 0 1 2 0 2 1 1 0 0 0 1 5 2 8 3 4 5 4 10 5 10 9 14 6 19 14 17 12 12 18 13 32 20 23 28 19 26 20 21 17 21 17 20 21 52 18 26 26 30 25 34 44 39 41 41 43 52 61 71 60 82 82 75 89 101 40 0 0 0 0 0 0 0 0 0 0 0 0 0 0 0 0 0 0 0 0 0 0 0 0 0 0 0 0 0 0 0 0 0 0 0 0 0 0 0 0 0 0 0 0 0 0 0 0 
0 0 1 4 0 0 0 0 0 2 0 0 3 0 1 0 2 4 0 2 1 10 2 1 4 4 10 8 13 17 9 9 12 25 22 20 22 21 16 21 18 17 15 26 27 36 31 27 21 29 34 14 29 35 38 45 31 65 24 27 35 57 41 57 66 36 49 49 72 74 90 71 40 0 0 0 0 0 0 0 0 0 0 0 0 0 0 0 0 0 0 0 0 0 0 0 0 0 0 0 0 0 0 0 0 0 0 0 0 0 0 0 0 0 0 0 0 0 0 0 
0 0 0 0 0 0 0 0 0 1 1 0 0 0 1 0 2 2 0 4 1 2 4 3 4 2 7 10 8 13 4 15 13 9 20 7 14 16 12 19 25 20 25 34 21 22 22 25 22 16 18 21 25 28 34 31 38 28 25 38 27 44 42 45 45 27 61 44 52 48 70 59 85 59 0 0 0 0 0 0 0 0 0 0 0 0 0 0 0 0 0 0 0 0 0 0 0 0 0 0 0 0 0 0 0 0 0 0 0 0 0 0 0 0 0 0 0 0 0 0 
0 0 0 0 0 3 0 0 0 1 0 0 1 0 2 1 0 1 2 0 5 4 1 3 0 5 4 5 2 12 8 8 9 5 14 16 12 6 13 14 17 29 21 13 29 16 14 13 21 29 20 35 27 28 26 27 29 20 37 32 30 25 35 28 36 36 37 43 41 47 63 57 95 68 32 0 0 0 0 0 0 0 0 0 0 0 0 0 0 0 0 0 0 0 0 0 0 0 0 0 0 0 0 0 0 0 0 0 0 0 0 0 0 0 0 0 0 0 0 0 
0 0 0 1 0 0 0 0 2 0 0 0 2 0 1 0 1 0 2 5 2 3 1 5 2 3 3 3 6 5 4 6 5 11 4 14 6 11 14 4 18 22 22 14 14 20 23 22 22 14 24 19 24 24 17 29 19 21 26 19 15 32 29 25 22 26 37 27 43 48 34 49 55 62 76 35 0 0 0 0 0 0 0 0 0 0 0 0 0 0 0 0 0 0 0 0 0 0 0 0 0 0 0 0 0 0 0 0 0 0 0 0 0 0 0 0 0 0 0 0 
0 0 1 0 0 0 0 2 0 1 0 0 0 0 0 0 3 1 0 4 1 1 0 2 2 1 4 5 7 11 4 2 7 5 9 9 12 9 10 12 13 20 12 12 16 13 13 25 15 11 15 20 12 13 16 22 13 24 14 30 17 32 36 20 34 29 28 40 21 32 35 46 35 63 55 58 50 0 0 0 0 0 0 0 0 0 0 0 0 0 0 0 0 0 0 0 0 0 0 0 0 0 0 0 0 0 0 0 0 0 0 0 0 0 0 0 0 0 0 0 
0 0 0 0 0 0 0 0 0 0 1 0 0 0 0 3 1 0 0 0 0 1 0 4 1 10 1 0 6 4 5 6 7 14 11 5 7 7 12 11 12 17 14 11 14 16 17 23 15 23 23 19 11 20 34 26 19 6 18 19 17 19 32 27 22 34 29 35 37 41 28 28 37 54 40 56 54 43 0 0 0 0 0 0 0 0 0 0 0 0 0 0 0 0 0 0 0 0 0 0 0 0 0 0 0 0 0 0 0 0 0 0 0 0 0 0 0 0 0 0 
0 0 0 0 0 0 0 0 2 0 0 0 0 1 1 0 1 0 2 2 1 0 0 1 1 3 4 5 13 13 6 2 5 5 10 10 7 9 21 9 13 6 8 8 17 6 6 15 9 17 9 8 14 16 25 20 19 10 19 18 12 13 17 13 30 18 16 22 21 32 28 29 19 45 42 43 45 52 21 0 0 0 0 0 0 0 0 0 0 0 0 0 0 0 0 0 0 0 0 0 0 0 0 0 0 0 0 0 0 0 0 0 0 0 0 0 0 0 0 0 
0 0 0 0 0 2 0 0 0 0 0 0 0 1 0 0 4 2 0 1 0 0 3 6 1 3 1 1 2 7 3 6 4 5 3 7 5 9 6 9 9 10 13 4 13 14 5 18 12 11 13 8 23 18 16 4 14 16 8 14 9 16 11 11 27 15 15 25 18 17 25 36 27 28 28 47 42 65 46 24 0 0 0 0 0 0 0 0 0 0 0 0 0 0 0 0 0 0 0 0 0 0 0 0 0 0 0 0 0 0 0 0 0 0 0 0 0 0 0 0 
0 0 0 0 0 0 0 0 0 0 0 0 0 1 0 0 0 1 0 0 0 0 0 1 4 2 0 5 6 2 1 11 0 8 6 3 9 3 6 12 7 13 2 9 5 7 14 13 6 13 8 8 8 13 10 11 3 6 14 13 18 13 12 21 17 14 9 18 16 18 34 22 17 14 28 42 41 32 36 57 20 0 0 0 0 0 0 0 0 0 0 0 0 0 0 0 0 0 0 0 0 0 0 0 0 0 0 0 0 0 0 0 0 0 0 0 0 0 0 0 
0 0 0 0 0 0 0 2 0 0 0 0 0 0 0 0 4 1 0 2 0 1 1 4 0 7 1 1 0 4 9 2 3 2 6 0 0 3 9 4 6 17 11 5 9 9 13 7 7 14 5 12 11 5 14 6 9 10 15 11 14 8 12 11 17 15 12 8 17 19 21 18 20 19 20 30 14 20 44 37 33 25 0 0 0 0 0 0 0 0 0 0 0 0 0 0 0 0 0 0 0 0 0 0 0 0 0 0 0 0 0 0 0 0 0 0 0 0 0 0 
0 0 0 0 0 0 0 0 0 0 0 0 0 0 0 3 1 0 0 1 3 1 0 2 2 0 3 4 5 1 0 6 1 2 1 1 4 8 6 8 6 5 10 5 11 14 9 7 12 15 6 8 7 13 9 9 6 7 10 10 7 23 7 7 8 15 6 16 15 15 11 18 16 19 18 20 27 29 25 24 39 41 15 0 0 0 0 0 0 0 0 0 0 0 0 0 0 0 0 0 0 0 0 0 0 0 0 0 0 0 0 0 0 0 0 0 0 0 0 0 
0 0 0 0 0 0 0 0 0 0 0 0 0 0 0 1 0 3 0 0 0 0 1 0 3 3 0 2 0 4 4 0 6 3 3 4 2 5 6 10 8 1 2 6 5 6 4 7 4 13 8 4 6 8 6 11 10 13 6 5 13 6 12 11 6 10 7 12 15 14 18 11 19 14 18 19 20 27 14 23 20 29 38 18 0 0 0 0 0 0 0 0 0 0 0 0 0 0 0 0 0 0 0 0 0 0 0 0 0 0 0 0 0 0 0 0 0 0 0 0 
0 0 0 0 0 0 0 0 0 0 0 0 0 0 0 0 0 0 0 0 0 0 0 0 1 0 4 0 2 4 3 0 4 4 1 3 4 7 4 5 4 6 2 9 1 7 6 3 11 14 4 10 7 10 6 0 6 7 11 4 4 9 11 2 11 10 14 4 8 23 9 9 15 14 14 14 17 26 16 26 17 26 38 21 15 0 0 0 0 0 0 0 0 0 0 0 0 0 0 0 0 0 0 0 0 0 0 0 0 0 0 0 0 0 0 0 0 0 0 0 
0 0 0 0 0 0 0 0 0 1 1 0 0 0 0 0 0 0 0 3 0 2 0 0 0 2 1 0 0 0 2 1 3 2 3 3 2 4 4 4 1 0 2 7 3 7 4 3 2 7 9 6 5 9 6 8 6 11 8 6 6 10 8 11 4 7 8 15 10 10 12 5 14 6 18 11 18 14 27 19 21 28 15 28 30 9 0 0 0 0 0 0 0 0 0 0 0 0 0 0 0 0 0 0 0 0 0 0 0 0 0 0 0 0 0 0 0 0 0 0 
0 0 0 0 0 0 0 0 0 1 0 0 0 0 0 0 0 0 0 0 0 0 1 0 0 1 0 0 1 0 3 0 2 3 0 3 1 3 5 5 5 3 8 5 4 4 5 5 10 4 0 5 8 7 5 4 9 6 2 4 11 12 9 7 11 12 3 5 10 8 9 6 7 15 19 10 10 17 13 9 10 19 18 16 28 24 9 0 0 0 0 0 0 0 0 0 0 0 0 0 0 0 0 0 0 0 0 0 0 0 0 0 0 0 0 0 0 0 0 0 
0 0 0 0 0 0 0 2 0 0 0 0 0 0 0 0 0 0 0 0 0 0 0 0 0 0 0 1 0 4 3 1 1 1 1 1 2 3 0 1 2 4 3 4 8 3 4 4 4 4 3 11 4 6 8 7 2 3 3 7 9 10 6 6 13 13 2 3 9 8 9 16 8 15 7 3 17 16 10 9 18 18 26 13 14 20 37 15 0 0 0 0 0 0 0 0 0 0 0 0 0 0 0 0 0 0 0 0 0 0 0 0 0 0 0 0 0 0 0 0 
0 0 0 0 0 0 0 0 0 0 0 0 0 0 0 0 0 0 0 0 0 1 0 1 0 3 2 0 0 0 1 0 2 3 3 4 2 6 6 4 2 3 3 3 2 3 5 5 12 4 4 5 5 5 5 2 8 4 1 5 2 5 7 3 6 5 7 11 9 10 9 9 1 5 5 11 18 3 15 8 8 15 23 9 15 19 19 28 14 0 0 0 0 0 0 0 0 0 0 0 0 0 0 0 0 0 0 0 0 0 0 0 0 0 0 0 0 0 0 0 
0 0 0 0 0 0 0 0 0 0 0 0 0 0 0 0 0 0 0 0 0 0 0 2 0 0 0 0 1 2 0 1 0 1 1 0 3 1 2 2 3 2 4 3 9 3 2 6 5 3 4 9 5 3 4 3 7 4 3 2 2 4 5 8 0 2 6 7 6 10 6 11 7 3 5 12 8 10 6 6 6 14 15 8 9 21 17 25 29 11 0 0 0 0 0 0 0 0 0 0 0 0 0 0 0 0 0 0 0 0 0 0 0 0 0 0 0 0 0 0 
0 0 0 0 0 0 0 0 0 0 0 0 0 0 0 0 0 0 1 1 0 0 0 0 1 0 0 1 1 0 0 0 2 0 0 0 1 0 1 4 2 2 3 5 1 4 4 1 3 5 3 3 3 3 2 11 3 2 4 2 5 10 5 5 5 2 4 5 10 6 4 9 4 2 5 7 13 7 12 6 6 9 12 11 8 17 13 20 16 13 16 0 0 0 0 0 0 0 0 0 0 0 0 0 0 0 0 0 0 0 0 0 0 0 0 0 0 0 0 0 
0 0 0 0 0 0 0 0 0 0 0 0 0 0 0 0 0 0 0 0 0 1 1 1 0 0 0 2 1 0 1 0 0 1 0 0 3 5 1 1 0 1 1 0 2 1 3 7 4 2 2 5 1 0 1 2 0 2 8 2 9 3 1 3 7 1 4 5 5 6 1 11 2 11 6 5 13 2 10 14 8 12 6 12 4 8 22 16 13 22 21 14 0 0 0 0 0 0 0 0 0 0 0 0 0 0 0 0 0 0 0 0 0 0 0 0 0 0 0 0 
0 0 0 0 0 0 0 0 0 0 0 0 0 0 0 0 0 0 0 0 0 0 0 0 0 0 0 0 0 1 0 0 1 0 0 1 0 0 2 2 4 3 1 3 1 0 6 1 2 4 2 4 4 7 4 7 0 4 5 1 0 6 0 5 3 6 5 3 9 3 2 3 7 5 3 3 6 4 10 4 4 6 8 6 7 16 8 9 14 12 18 13 7 0 0 0 0 0 0 0 0 0 0 0 0 0 0 0 0 0 0 0 0 0 0 0 0 0 0 0 
0 0 0 0 0 0 0 0 0 0 0 0 0 0 0 0 0 0 0 0 0 0 0 0 0 0 0 0 1 2 0 0 0 0 0 0 0 0 0 3 1 2 3 4 1 0 3 1 2 3 0 1 3 0 0 2 2 1 4 2 1 2 3 6 4 1 1 3 6 3 1 9 3 8 7 11 7 12 5 5 1 8 6 9 9 2 9 9 13 8 17 8 9 12 0 0 0 0 0 0 0 0 0 0 0 0 0 0 0 0 0 0 0 0 0 0 0 0 0 0 
0 0 0 0 0 0 0 0 0 0 0 0 0 0 0 0 0 0 0 0 0 0 0 1 0 0 0 0 0 0 0 1 0 0 1 1 0 1 3 1 0 2 0 1 2 1 5 1 1 1 2 2 3 2 2 6 2 4 6 3 1 2 4 1 2 7 5 0 5 3 10 8 2 2 3 5 7 3 4 9 5 0 4 7 11 4 8 4 7 10 5 8 19 19 6 0 0 0 0 0 0 0 0 0 0 0 0 0 0 0 0 0 0 0 0 0 0 0 0 0 
0 0 0 0 0 0 0 0 0 0 0 0 0 0 0 0 0 0 0 0 0 0 0 0 0 0 0 0 0 0 0 0 1 0 3 1 0 1 0 1 2 0 1 1 0 0 3 1 2 4 2 3 2 3 3 3 0 3 1 4 2 3 4 4 5 0 4 5 0 5 4 1 2 5 2 2 1 4 6 0 8 3 10 5 5 6 7 5 14 13 9 15 24 24 13 3 0 0 0 0 0 0 0 0 0 0 0 0 0 0 0 0 0 0 0 0 0 0 0 0 
0 0 0 0 0 0 0 0 0 0 0 0 0 0 0 0 0 0 0 0 0 0 0 0 0 0 0 0 0 0 2 0 0 0 2 0 3 2 1 1 1 1 0 0 0 1 0 0 4 5 1 2 0 0 3 2 3 0 1 1 1 0 1 5 2 1 2 3 6 3 6 1 1 2 3 3 2 2 5 2 4 10 3 2 2 1 6 7 0 8 6 3 9 15 18 8 3 0 0 0 0 0 0 0 0 0 0 0 0 0 0 0 0 0 0 0 0 0 0 0 
0 0 0 0 0 0 0 0 0 0 0 0 0 0 0 0 0 0 0 0 0 0 0 0 1 0 0 0 0 0 0 0 0 0 3 0 0 1 0 0 2 1 0 1 1 0 4 4 0 1 1 2 1 1 3 13 2 0 3 0 5 7 2 3 3 0 3 5 2 5 4 5 3 2 0 2 2 4 6 9 4 10 4 6 6 4 3 5 11 1 3 8 5 6 15 8 20 7 0 0 0 0 0 0 0 0 0 0 0 0 0 0 0 0 0 0 0 0 0 0 
0 0 0 0 0 0 0 0 0 0 0 0 0 0 0 0 0 0 0 0 0 0 0 1 0 3 0 0 0 0 0 0 5 0 0 0 1 0 0 0 2 0 2 3 2 1 0 1 0 0 1 0 0 7 2 1 4 4 2 3 4 0 1 2 5 1 2 0 4 5 0 7 6 3 0 1 4 4 4 4 7 3 4 2 7 9 8 7 6 10 3 6 7 7 15 13 12 17 4 0 0 0 0 0 0 0 0 0 0 0 0 0 0 0 0 0 0 0 0 0 
0 0 0 0 0 0 0 0 0 0 0 0 0 0 0 0 0 0 0 0 0 0 0 0 0 0 0 0 0 0 0 0 0 0 0 0 1 0 0 0 4 0 0 0 0 1 1 0 4 3 0 7 2 0 2 2 1 2 0 3 0 0 0 1 4 6 0 4 5 3 1 0 3 1 4 3 0 3 4 5 4 2 4 6 0 5 7 6 3 3 4 7 5 2 5 6 9 9 12 8 0 0 0 0 0 0 0 0 0 0 0 0 0 0 0 0 0 0 0 0 
0 0 0 0 0 0 0 0 0 0 0 0 0 0 0 0 0 0 0 0 0 0 0 0 0 0 0 0 0 0 0 0 0 1 0 1 0 0 0 3 2 1 1 0 0 5 0 0 0 0 1 0 4 0 0 2 1 4 0 1 0 0 2 0 2 1 1 1 1 0 8 1 1 1 6 3 0 2 5 0 2 1 8 1 7 4 1 5 8 3 6 3 8 3 5 7 15 7 1 6 5 0 0 0 0 0 0 0 0 0 0 0 0 0 0 0 0 0 0 0 
0 0 0 0 0 0 0 0 0 0 0 0 0 0 0 0 0 0 0 0 0 0 0 0 0 0 0 0 0 0 0 0 1 0 0 0 0 0 0 0 0 0 0 2 0 2 1 0 1 0 0 0 0 1 4 1 1 0 0 1 2 2 1 1 2 2 1 0 3 1 0 3 3 10 2 2 1 3 0 0 8 1 0 3 3 2 2 1 0 1 2 4 3 14 2 4 5 5 15 5 17 7 0 0 0 0 0 0 0 0 0 0 0 0 0 0 0 0 0 0 
0 0 0 0 0 0 0 0 0 0 0 0 0 0 0 0 0 0 0 0 0 0 0 0 0 0 0 0 0 0 0 0 0 0 0 0 1 0 0 0 1 1 0 0 1 0 0 3 0 5 2 0 2 0 0 1 0 0 3 1 3 2 4 5 0 2 3 1 5 2 1 0 1 0 2 0 0 1 1 1 1 4 0 2 3 6 1 2 4 0 9 2 7 9 5 6 6 7 5 9 2 6 1 0 0 0 0 0 0 0 0 0 0 0 0 0 0 0 0 0 
0 0 0 0 0 0 0 0 0 0 0 0 0 0 0 0 0 0 0 0 0 0 0 0 0 0 0 2 0 0 0 0 0 0 0 0 0 0 0 0 1 0 3 0 0 1 0 0 3 0 0 3 2 1 4 0 0 0 4 0 4 0 5 2 0 1 2 0 4 5 2 1 1 3 3 0 1 1 2 2 2 5 1 0 3 3 3 2 4 2 5 3 1 3 1 4 1 2 10 5 4 6 10 3 0 0 0 0 0 0 0 0 0 0 0 0 0 0 0 0 
0 0 0 0 0 0 0 0 0 0 0 0 0 0 0 0 0 0 0 0 0 0 0 0 0 0 0 0 0 0 0 0 0 0 0 0 0 0 0 0 0 1 0 0 2 1 0 2 1 0 0 0 1 1 1 0 0 1 0 4 3 0 1 1 0 0 2 0 1 1 0 0 4 3 0 2 0 1 5 5 0 1 0 2 2 3 1 2 2 6 2 1 2 3 2 7 1 0 8 6 2 5 8 8 6 0 0 0 0 0 0 0 0 0 0 0 0 0 0 0 
0 0 0 0 0 0 0 0 0 0 0 0 0 0 0 0 0 0 0 0 0 0 0 0 0 0 0 0 0 0 0 0 0 0 0 0 0 0 0 0 0 0 0 0 0 0 1 1 0 2 2 2 2 2 1 3 0 1 1 0 4 2 5 3 0 2 1 3 0 1 2 0 3 0 1 1 1 0 0 3 1 0 0 0 0 2 0 0 2 4 0 2 3 4 4 6 2 0 1 10 5 3 5 11 7 2 0 0 0 0 0 0 0 0 0 0 0 0 0 0 
0 0 0 0 0 0 0 0 0 0 0 0 0 0 0 0 0 0 0 0 0 0 0 0 0 0 0 0 0 0 0 2 0 0 0 0 0 0 0 0 1 1 0 1 3 1 0 0 0 0 0 0 1 0 0 1 0 1 0 3 1 3 4 0 0 3 0 0 2 1 1 0 0 1 4 0 3 1 0 0 2 0 0 1 3 1 1 5 0 5 3 3 1 4 5 2 6 0 8 3 6 8 1 4 6 9 6 0 0 0 0 0 0 0 0 0 0 0 0 0 
0 0 0 0 0 0 0 0 0 0 0 0 0 0 0 0 0 0 0 0 0 0 0 0 0 0 0 0 0 0 0 0 0 0 0 0 0 1 0 0 0 1 0 3 0 0 0 0 0 0 0 0 0 0 0 1 0 0 1 3 2 0 2 0 2 1 1 1 0 1 3 0 1 2 0 4 6 3 2 1 1 2 2 0 2 3 1 0 2 0 1 1 3 2 5 1 1 2 1 1 4 6 5 1 9 4 4 3 0 0 0 0 0 0 0 0 0 0 0 0 
0 0 0 0 0 0 0 0 0 0 0 0 0 0 0 0 0 0 0 0 0 0 0 0 0 0 0 0 0 0 0 1 0 0 0 0 0 0 0 0 0 0 0 0 0 0 0 1 2 1 0 0 1 2 0 0 1 5 0 0 3 2 0 4 0 2 0 0 0 0 1 0 1 2 0 1 2 0 3 2 0 0 1 0 1 2 1 0 8 3 1 4 5 0 2 0 7 7 1 3 0 5 6 7 5 2 8 0 3 0 0 0 0 0 0 0 0 0 0 0 
0 0 0 0 0 0 0 0 0 0 0 0 0 0 0 0 0 0 0 0 0 0 0 0 0 0 0 0 1 0 0 0 0 0 0 0 0 0 0 0 0 2 1 0 0 0 0 0 0 0 1 0 3 3 0 1 0 0 0 0 0 0 0 3 1 0 0 0 3 0 1 3 1 1 0 0 0 0 0 0 6 0 7 1 3 5 0 2 0 1 1 0 4 3 2 1 0 8 0 2 4 2 2 3 2 8 6 6 3 1 0 0 0 0 0 0 0 0 0 0 
0 0 0 0 0 0 0 0 0 0 0 0 0 0 0 0 0 0 0 0 0 0 0 0 0 0 0 0 0 0 0 0 0 0 0 0 0 2 0 0 0 1 0 0 0 2 0 0 0 0 0 1 0 0 2 0 0 0 0 0 4 0 0 0 2 1 0 0 1 0 1 2 5 3 0 0 1 1 0 3 0 3 3 1 0 0 0 0 1 2 5 1 2 0 1 3 1 0 4 4 3 1 2 3 5 6 0 8 5 2 3 0 0 0 0 0 0 0 0 0 
0 0 0 0 0 0 0 0 0 0 0 0 0 0 0 0 0 0 0 0 0 0 0 0 0 0 0 0 0 0 0 0 0 0 0 0 0 0 0 0 0 0 0 0 0 0 0 0 3 0 0 0 0 0 0 1 0 0 0 0 2 0 0 0 1 0 1 0 1 0 2 2 0 2 0 0 0 3 0 1 0 0 3 0 0 1 2 1 0 0 0 1 1 1 0 4 2 1 0 2 0 0 1 5 2 0 0 1 3 8 6 5 0 0 0 0 0 0 0 0 
0 0 0 0 0 0 0 0 0 0 0 0 0 0 0 0 0 0 0 0 0 0 0 0 0 0 0 0 0 0 0 0 0 0 0 0 0 0 0 0 0 0 0 0 0 1 0 0 1 0 0 0 4 4 1 0 0 0 1 0 0 0 0 0 0 1 0 0 0 0 0 0 0 0 0 0 0 0 1 1 3 0 0 0 0 1 1 0 1 0 0 0 0 2 0 0 2 1 4 2 1 1 2 1 1 0 2 0 3 3 6 1 2 0 0 0 0 0 0 0 
0 0 0 0 0 0 0 0 0 0 0 0 0 0 0 0 0 0 0 0 0 0 0 0 0 0 0 0 0 0 0 0 0 0 0 0 0 0 0 0 0 0 0 1 0 0 0 0 0 2 0 0 0 0 0 0 0 0 0 1 1 1 0 0 0 0 0 2 0 1 4 0 0 0 0 2 0 1 0 0 2 0 0 4 0 1 0 0 0 0 2 0 0 1 2 2 0 0 2 0 0 1 1 5 4 0 10 2 4 3 5 7 2 0 0 0 0 0 0 0 
0 0 0 0 0 0 0 0 0 0 0 0 0 0 0 0 0 0 0 0 0 0 0 0 0 0 0 0 0 0 0 0 0 0 0 0 0 0 2 0 0 0 0 0 0 0 1 0 0 0 0 0 0 0 0 0 0 0 0 0 0 0 0 0 1 1 0 0 0 0 1 3 0 0 2 0 0 0 0 3 1 0 1 0 3 1 1 2 0 1 0 0 3 1 0 1 2 0 1 1 2 0 1 2 2 4 6 2 1 2 4 3 1 8 2 0 0 0 0 0 
0 0 0 0 0 0 0 0 0 0 0 0 0 0 0 0 0 0 0 0 0 0 0 0 0 0 0 0 0 0 0 0 0 0 0 0 0 0 0 0 0 3 0 0 0 0 0 1 0 0 0 0 0 0 0 0 2 0 0 1 1 1 0 0 1 0 2 0 0 0 0 0 2 1 0 1 0 0 0 0 0 1 2 0 0 0 0 2 0 1 1 2 3 0 4 2 10 0 1 0 0 4 3 5 0 0 1 1 1 2 5 8 2 3 4 0 0 0 0 0 
0 0 0 0 0 0 0 0 0 0 0 0 0 0 0 0 0 0 0 0 0 0 0 0 0 0 0 0 0 0 0 0 0 0 0 0 0 0 0 0 0 0 0 0 0 0 0 2 0 0 0 0 0 0 1 0 0 0 0 0 0 0 0 0 0 0 0 1 0 0 0 0 1 1 1 0 0 0 0 1 0 1 2 0 3 0 5 1 1 0 1 1 1 1 1 2 3 0 0 1 2 0 0 0 2 2 1 0 4 1 2 2 0 2 3 4 2 0 0 0 
0 0 0 0 0 0 0 0 0 0 0 0 0 0 0 0 0 0 0 0 0 0 0 0 0 0 0 0 0 0 0 0 0 0 0 0 0 0 0 0 0 0 0 0 0 0 0 0 0 0 0 2 0 3 0 0 0 0 0 1 1 0 3 0 0 0 0 0 0 2 0 0 0 0 1 0 0 0 1 1 1 0 1 2 0 1 0 0 0 0 0 0 1 0 0 4 1 1 0 0 0 1 2 2 1 0 0 1 0 0 3 0 1 1 1 0 2 2 0 0 
0 0 0 0 0 0 0 0 0 0 0 0 0 0 0 0 0 0 0 0 0 0 0 0 0 0 0 0 0 0 0 0 0 0 0 0 0 0 0 0 0 0 0 0 0 0 0 0 2 1 0 0 0 1 0 0 0 0 2 0 0 3 0 0 1 0 4 1 0 0 4 0 1 0 0 0 0 0 0 0 0 0 0 0 0 4 1 1 1 0 0 0 2 1 1 0 0 2 0 0 0 1 2 0 1 0 3 0 1 3 0 0 3 1 1 0 0 4 0 0 
0 0 0 0 0 0 0 0 0 0 0 0 0 0 0 0 0 0 0 0 0 0 0 0 0 0 0 0 0 0 0 0 0 0 0 0 0 0 0 0 0 0 0 0 0 0 0 0 0 0 0 1 0 0 0 0 0 0 0 0 0 0 0 0 0 0 0 2 0 0 1 1 0 0 2 0 0 0 3 0 0 1 1 0 0 0 0 0 0 3 0 0 0 0 0 0 0 0 0 0 0 3 1 0 0 1 0 1 0 1 0 0 0 2 1 4 1 0 1 1 
